$ANSIBLE_VAULT;1.1;AES256
64663331313733313839383139303762373166343865366263643166383432373065313466343437
3132383435613832653033333666363138343138346239370a373333363965313438336238313431
36373861643465373937363634363733393939383934653537633861326235396530346338323737
3333313539383932390a613466323631633264393137343666343736633364326235333461323635
32666638313762363339636566623064383533613036336163346365636236343032623235613836
34303538343732636433663133306166663932643433393639386162316562626265303433663965
66323439393033383336393239666664313633303036393339613065323438303438336139363163
33356239663963663062633363353638613136393666316333393234663161386237393136353637
31353538326537323563363333376261316135383831313964313039613634396537393031306339
66643836663133363332346265306339373230356262323334643365616638316335393966656238
64393061333464373666316366616566373033373434653565623930343138356162633534323864
34336233666561643563356232333265366465306464306235303063326561313834616237343563
33376564356161653439626635363932356232316538666131323537656433366234346233623937
35386632323738366338396265366465343964306633333235666434386233643731383666633266
37636564323932666133343339613834386535623738393764303364613065643138636366613433
38383139323337303462353735386230373866633962326339393537373037623464336336663130
65393930646135313930653330666630336130363365343335333630633633336439626532363962
39353733393232613432313338306639646430326164656632306338316435316230333339373432
64363931353139323861336134613131646561393933393364623365306436326462623036393162
35336237653532656237643533346261623238646433323161646339386431613030656332633730
36356337396638663266653531373934336665613464376530353135626230383362373762633765
34313964343430336630646435656137363663646135663464613831616536393839313337323237
32623233303937343636303934353334653434396330346239623530303462633335656664623164
37663334343664626365
