$ANSIBLE_VAULT;1.1;AES256
30343135353532646361656530643662313334323362663434353036303231373962313539373965
3237623433353865613932656664626534323534646535370a633236623039653836323864663962
37366133386130636361383463643138303137306638323035343635613839653937653066653239
6436306561306366610a353637303038643362613035633739653536333331643235656662306464
36383338626235383766336336633265636239343064353139376165316262323864343931366233
63366330326234656339393838663637306466333930396631643966336462393837336261653065
30616265616434353833643937646166346463343831333666616437633161383835353439343735
38303264366564393335303237623536346531386238336163333330663063663031346433623833
66633765623137356139333164326330336231633537613935306563313763393435643132376262
66336538646164616466393733666239323361303864616264646264663335653131313731373362
37383366643837613266653032326637323031303235373735303134343331636331613164343430
39313235653136306261356238386337396165653930353035373763316432653236363430303137
63303039623736383838303536666162363831616536306634323264306463623063303835303536
34613564326161663735626164666633303632376464343338646462353138323238303366663064
39633534376565616361643762326639323135613230636437373964336630313933353239393161
39623763353333346337613136386665666462353061323931346533653965386432626538613263
64323831663330656135333339373532663932306134633061373264393634633631373539373239
37326434313633383365373961653962376636373033346233333161623830376164613631333938
38353132613664656432643362386464663737633731663061653734633038623233653839306132
61353763396465326564366561393664636538363131333262386463313632363565383066663137
62366163623131646663376338393739313932623166663762616339396431666331656336633439
65633233643736373465313633396539643630353832663937373938343734636665613834326231
33353761383138366264336634353066376662396365346234303534373937633032616562343431
34366432663638303762
