node04: !vault |
          $ANSIBLE_VAULT;1.1;AES256
          39616630333365383866643435393464323233333663383963316236616563343264643165353162
          6364316565366134623334373936643866633864313534380a316333353766623738366639633066
          36366465346261613531303839653532393765313662313239333437323863323133343863633464
          3264386630366631380a666138666331336165626532323737393063613634626335636130656265
          62373232376430393465323235623631316238373431633064343134393036643839336336656366
          66616534306130616535666565326639336534396534303231383339303462396265313934613234
          32613037653865386563623639333436393131636164626434303235366439326264356361396438
          39613631646162306531326561303538346265343563626536646530626435656638333733333533
          34613238346436363238356532346361303137306463393931366232643532393534383339383863
          37613632326163343930366231363036343062303738653230366138353261373836653536613639
          30373633636264396339613062656531346636633162356135336539326633363661616236666662
          65333330386666626531353338313133396561393334653266316631643832373162306432346436
          37393863386164396537363431303738323734346134366363383164323965646635306431393433
          63336634393838386336393734643636643331313063323635656636616338393630376465306637
          35656332306238323562353162323436326361323166333961326362666135393932376463386333
          62653763336332383663613834633162333838353033333934323430323861666431663161623764
          34323265616533646334336263643662613039653537366563623962636232633731366236313164
          38326361343436313530393466363465333462323030623336646337366130663363323530313334
          32373736666366633535656332363131386633373665643636353235363861323237373666613066
          34343263613362643935346161343737373464363936306361643865666463323736323863333230
          31316437353737303336346231653931396463396636323563636639663435376364313439646631
          62353931353430626430303934363630313061323335383637396331393061373361366262666466
          62373230396662626432313138336134313432636135663962613330356530336639633730663535
          63616138626263613635
node01: !vault |
          $ANSIBLE_VAULT;1.1;AES256
          38316232316331383862316139653265633738383664613431343236353863343363386234383037
          6635616465376434643965303635353930313132656233360a373830366631626233303435393864
          65623566663938326666613333636462626163313238323431343030363134316136303730396365
          6135663539303937380a306461336138633339366630303764356532306633626437663739623532
          33643939666263316466303833396234396261373035353162353935316163616435666230336163
          66653934323632376532363736356239306234613965353265653334626465313635323438613137
          32383266356263356339623936303433346634373461653832663839383838653664656334643263
          38666231303138663630633834373064366630613837333464653162373766613736373835333230
          65636637303937636133326230663032353635393065663963333335303539316466333466386333
          65356532383633333336623231313332646666366365616265636362363536616439626465366430
          36336435303730663031363530336361656133376366353264333930633266623433333036646634
          32353237616630616462366264633161396334633732373164616163353765373237643438623462
          64353730396234616637396432346232643566363564346531316163383732343566613761643463
          66373838303631393634653235393666656265303461666166336266613830613831346537356262
          63356337626262633436663039333866643339396233366133373262356162373431306539313737
          35633733303261626134363564393434393735386236636561613932623666656239626464653363
          30613238623839376133646134316632626534666138396634666137633336393535613965316361
          66306463356631646333646633623761366630386532356461366364353338646364636136396635
          37346665356138303665313930656661323831366335303831313137303032363430343666373735
          35656165623566383061643164343361643266666330633131333335396464376363356536376537
          30643163323437353937333466346332656532633735383363666663313733666632343639643464
          32313933343765616436373934326534636364303838333632383338623565643738396132616435
          33656466633337323636323439343335356666326533653438316364646262326136653737653534
          64623465633234343737
